French,English
genre,kind
histoire,history
attention,Warning
